LATITUDE    HEIGHT       DOY  E. ANGLE      TEMP     PRESS         WVP        TM     DELAY   D. RATE
   (DEG)       (M)               (DEG)       (K)    (MBAR)      (MBAR)       (K)       (M)   (M/RAD)

   0.000     0.000     1.000    30.000   299.650  1013.250      26.093   284.920     5.154    -8.844
   0.000     0.000     1.000    60.000   299.650  1013.250      26.093   284.920     2.985    -1.718
   0.000     0.000     1.000    90.000   299.650  1013.250      26.093   284.920     2.586     0.000
   0.000     0.000   101.000    30.000   299.650  1013.250      26.093   284.920     5.154    -8.844
   0.000     0.000   101.000    60.000   299.650  1013.250      26.093   284.920     2.985    -1.718
   0.000     0.000   101.000    90.000   299.650  1013.250      26.093   284.920     2.586     0.000
   0.000     0.000   201.000    30.000   299.650  1013.250      26.093   284.920     5.154    -8.844
   0.000     0.000   201.000    60.000   299.650  1013.250      26.093   284.920     2.985    -1.718
   0.000     0.000   201.000    90.000   299.650  1013.250      26.093   284.920     2.586     0.000
   0.000     0.000   301.000    30.000   299.650  1013.250      26.093   284.920     5.154    -8.844
   0.000     0.000   301.000    60.000   299.650  1013.250      26.093   284.920     2.985    -1.718
   0.000     0.000   301.000    90.000   299.650  1013.250      26.093   284.920     2.586     0.000
   0.000   500.000     1.000    30.000   296.500   956.816      21.023   281.922     4.797    -8.231
   0.000   500.000     1.000    60.000   296.500   956.816      21.023   281.922     2.778    -1.599
   0.000   500.000     1.000    90.000   296.500   956.816      21.023   281.922     2.407     0.000
   0.000   500.000   101.000    30.000   296.500   956.816      21.023   281.922     4.797    -8.231
   0.000   500.000   101.000    60.000   296.500   956.816      21.023   281.922     2.778    -1.599
   0.000   500.000   101.000    90.000   296.500   956.816      21.023   281.922     2.407     0.000
   0.000   500.000   201.000    30.000   296.500   956.816      21.023   281.922     4.797    -8.231
   0.000   500.000   201.000    60.000   296.500   956.816      21.023   281.922     2.778    -1.599
   0.000   500.000   201.000    90.000   296.500   956.816      21.023   281.922     2.407     0.000
   0.000   500.000   301.000    30.000   296.500   956.816      21.023   281.922     4.797    -8.231
   0.000   500.000   301.000    60.000   296.500   956.816      21.023   281.922     2.778    -1.599
   0.000   500.000   301.000    90.000   296.500   956.816      21.023   281.922     2.407     0.000
   0.000  1000.000     1.000    30.000   293.350   902.973      16.899   278.925     4.470    -7.669
   0.000  1000.000     1.000    60.000   293.350   902.973      16.899   278.925     2.589    -1.490
   0.000  1000.000     1.000    90.000   293.350   902.973      16.899   278.925     2.243     0.000
   0.000  1000.000   101.000    30.000   293.350   902.973      16.899   278.925     4.470    -7.669
   0.000  1000.000   101.000    60.000   293.350   902.973      16.899   278.925     2.589    -1.490
   0.000  1000.000   101.000    90.000   293.350   902.973      16.899   278.925     2.243     0.000
   0.000  1000.000   201.000    30.000   293.350   902.973      16.899   278.925     4.470    -7.669
   0.000  1000.000   201.000    60.000   293.350   902.973      16.899   278.925     2.589    -1.490
   0.000  1000.000   201.000    90.000   293.350   902.973      16.899   278.925     2.243     0.000
   0.000  1000.000   301.000    30.000   293.350   902.973      16.899   278.925     4.470    -7.669
   0.000  1000.000   301.000    60.000   293.350   902.973      16.899   278.925     2.589    -1.490
   0.000  1000.000   301.000    90.000   293.350   902.973      16.899   278.925     2.243     0.000
  30.000     0.000     1.000    30.000   287.892  1020.603      13.473   275.108     4.921    -8.443
  30.000     0.000     1.000    60.000   287.892  1020.603      13.473   275.108     2.850    -1.640
  30.000     0.000     1.000    90.000   287.892  1020.603      13.473   275.108     2.469     0.000
  30.000     0.000   101.000    30.000   291.981  1018.412      17.470   279.324     4.973    -8.531
  30.000     0.000   101.000    60.000   291.981  1018.412      17.470   279.324     2.880    -1.658
  30.000     0.000   101.000    90.000   291.981  1018.412      17.470   279.324     2.495     0.000
  30.000     0.000   201.000    30.000   301.054  1013.551      30.222   288.611     5.129    -8.800
  30.000     0.000   201.000    60.000   301.054  1013.551      30.222   288.611     2.971    -1.710
  30.000     0.000   201.000    90.000   301.054  1013.551      30.222   288.611     2.574     0.000
  30.000     0.000   301.000    30.000   294.263  1017.190      20.124   281.668     5.006    -8.589
  30.000     0.000   301.000    60.000   294.263  1017.190      20.124   281.668     2.900    -1.669
  30.000     0.000   301.000    90.000   294.263  1017.190      20.124   281.668     2.512     0.000
  30.000   500.000     1.000    30.000   284.978   961.518      10.706   272.323     4.597    -7.888
  30.000   500.000     1.000    60.000   284.978   961.518      10.706   272.323     2.663    -1.532
  30.000   500.000     1.000    90.000   284.978   961.518      10.706   272.323     2.307     0.000
  30.000   500.000   101.000    30.000   288.995   960.253      13.770   276.466     4.639    -7.959
  30.000   500.000   101.000    60.000   288.995   960.253      13.770   276.466     2.687    -1.546
  30.000   500.000   101.000    90.000   288.995   960.253      13.770   276.466     2.328     0.000
  30.000   500.000   201.000    30.000   297.906   957.358      23.413   285.591     4.760    -8.168
  30.000   500.000   201.000    60.000   297.906   957.358      23.413   285.591     2.757    -1.587
  30.000   500.000   201.000    90.000   297.906   957.358      23.413   285.591     2.389     0.000
  30.000   500.000   301.000    30.000   291.236   959.536      15.792   278.768     4.665    -8.004
  30.000   500.000   301.000    60.000   291.236   959.536      15.792   278.768     2.702    -1.555
  30.000   500.000   301.000    90.000   291.236   959.536      15.792   278.768     2.341     0.000
  30.000  1000.000     1.000    30.000   282.065   905.299       8.487   269.537     4.297    -7.373
  30.000  1000.000     1.000    60.000   282.065   905.299       8.487   269.537     2.489    -1.432
  30.000  1000.000     1.000    90.000   282.065   905.299       8.487   269.537     2.156     0.000
  30.000  1000.000   101.000    30.000   286.009   904.862      10.826   273.607     4.331    -7.431
  30.000  1000.000   101.000    60.000   286.009   904.862      10.826   273.607     2.509    -1.444
  30.000  1000.000   101.000    90.000   286.009   904.862      10.826   273.607     2.173     0.000
  30.000  1000.000   201.000    30.000   294.758   903.733      18.089   282.571     4.428    -7.596
  30.000  1000.000   201.000    60.000   294.758   903.733      18.089   282.571     2.564    -1.476
  30.000  1000.000   201.000    90.000   294.758   903.733      18.089   282.571     2.222     0.000
  30.000  1000.000   301.000    30.000   288.209   904.598      12.360   275.869     4.353    -7.468
  30.000  1000.000   301.000    60.000   288.209   904.598      12.360   275.869     2.521    -1.451
  30.000  1000.000   301.000    90.000   288.209   904.598      12.360   275.869     2.184     0.000
  60.000     0.000     1.000    30.000   258.739  1013.315       1.608   242.275     4.661    -7.999
  60.000     0.000     1.000    60.000   258.739  1013.315       1.608   242.275     2.699    -1.554
  60.000     0.000     1.000    90.000   258.739  1013.315       1.608   242.275     2.339     0.000
  60.000     0.000   101.000    30.000   267.502  1012.292       3.155   251.895     4.695    -8.057
  60.000     0.000   101.000    60.000   267.502  1012.292       3.155   251.895     2.719    -1.565
  60.000     0.000   101.000    90.000   267.502  1012.292       3.155   251.895     2.356     0.000
  60.000     0.000   201.000    30.000   286.945  1010.024      11.884   272.245     4.852    -8.324
  60.000     0.000   201.000    60.000   286.945  1010.024      11.884   272.245     2.810    -1.617
  60.000     0.000   201.000    90.000   286.945  1010.024      11.884   272.245     2.435     0.000
  60.000     0.000   301.000    30.000   272.392  1011.722       4.497   257.111     4.723    -8.103
  60.000     0.000   301.000    60.000   272.392  1011.722       4.497   257.111     2.735    -1.574
  60.000     0.000   301.000    90.000   272.392  1011.722       4.497   257.111     2.370     0.000
  60.000   500.000     1.000    30.000   256.406   948.294       1.394   240.088     4.358    -7.480
  60.000   500.000     1.000    60.000   256.406   948.294       1.394   240.088     2.524    -1.453
  60.000   500.000     1.000    90.000   256.406   948.294       1.394   240.088     2.187     0.000
  60.000   500.000   101.000    30.000   264.933   949.379       2.674   249.473     4.396    -7.543
  60.000   500.000   101.000    60.000   264.933   949.379       2.674   249.473     2.546    -1.465
  60.000   500.000   101.000    90.000   264.933   949.379       2.674   249.473     2.205     0.000
  60.000   500.000   201.000    30.000   283.850   951.345       9.615   269.307     4.537    -7.783
  60.000   500.000   201.000    60.000   283.850   951.345       9.615   269.307     2.628    -1.512
  60.000   500.000   201.000    90.000   283.850   951.345       9.615   269.307     2.276     0.000
  60.000   500.000   301.000    30.000   269.690   949.928       3.764   254.558     4.422    -7.588
  60.000   500.000   301.000    60.000   269.690   949.928       3.764   254.558     2.561    -1.474
  60.000   500.000   301.000    90.000   269.690   949.928       3.764   254.558     2.219     0.000
  60.000  1000.000     1.000    30.000   254.073   886.907       1.208   237.901     4.073    -6.991
  60.000  1000.000     1.000    60.000   254.073   886.907       1.208   237.901     2.359    -1.358
  60.000  1000.000     1.000    90.000   254.073   886.907       1.208   237.901     2.044     0.000
  60.000  1000.000   101.000    30.000   262.363   889.819       2.262   247.051     4.113    -7.058
  60.000  1000.000   101.000    60.000   262.363   889.819       2.262   247.051     2.382    -1.371
  60.000  1000.000   101.000    90.000   262.363   889.819       2.262   247.051     2.064     0.000
  60.000  1000.000   201.000    30.000   280.756   895.488       7.761   266.370     4.243    -7.280
  60.000  1000.000   201.000    60.000   280.756   895.488       7.761   266.370     2.457    -1.414
  60.000  1000.000   201.000    90.000   280.756   895.488       7.761   266.370     2.129     0.000
  60.000  1000.000   301.000    30.000   266.989   891.343       3.145   252.006     4.139    -7.103
  60.000  1000.000   301.000    60.000   266.989   891.343       3.145   252.006     2.397    -1.380
  60.000  1000.000   301.000    90.000   266.989   891.343       3.145   252.006     2.077     0.000
  90.000     0.000     1.000    30.000   250.686  1013.447       0.817   237.905     4.620    -7.930
  90.000     0.000     1.000    60.000   250.686  1013.447       0.817   237.905     2.676    -1.540
  90.000     0.000     1.000    90.000   250.686  1013.447       0.817   237.905     2.318     0.000
  90.000     0.000   101.000    30.000   259.157  1013.155       1.706   245.769     4.648    -7.976
  90.000     0.000   101.000    60.000   259.157  1013.155       1.706   245.769     2.692    -1.549
  90.000     0.000   101.000    90.000   259.157  1013.155       1.706   245.769     2.332     0.000
  90.000     0.000   201.000    30.000   277.952  1012.507       7.340   263.258     4.800    -8.235
  90.000     0.000   201.000    60.000   277.952  1012.507       7.340   263.258     2.780    -1.600
  90.000     0.000   201.000    90.000   277.952  1012.507       7.340   263.258     2.409     0.000
  90.000     0.000   301.000    30.000   263.884  1012.992       2.515   250.162     4.672    -8.017
  90.000     0.000   301.000    60.000   263.884  1012.992       2.515   250.162     2.706    -1.557
  90.000     0.000   301.000    90.000   263.884  1012.992       2.515   250.162     2.344     0.000
  90.000   500.000     1.000    30.000   248.698   946.435       0.699   236.017     4.313    -7.403
  90.000   500.000     1.000    60.000   248.698   946.435       0.699   236.017     2.498    -1.438
  90.000   500.000     1.000    90.000   248.698   946.435       0.699   236.017     2.164     0.000
  90.000   500.000   101.000    30.000   256.988   948.266       1.450   243.710     4.346    -7.459
  90.000   500.000   101.000    60.000   256.988   948.266       1.450   243.710     2.517    -1.449
  90.000   500.000   101.000    90.000   256.988   948.266       1.450   243.710     2.181     0.000
  90.000   500.000   201.000    30.000   275.381   951.884       6.157   260.821     4.493    -7.709
  90.000   500.000   201.000    60.000   275.381   951.884       6.157   260.821     2.602    -1.498
  90.000   500.000   201.000    90.000   275.381   951.884       6.157   260.821     2.255     0.000
  90.000   500.000   301.000    30.000   261.614   949.231       2.130   248.009     4.371    -7.502
  90.000   500.000   301.000    60.000   261.614   949.231       2.130   248.009     2.532    -1.457
  90.000   500.000   301.000    90.000   261.614   949.231       2.130   248.009     2.193     0.000
  90.000  1000.000     1.000    30.000   246.710   883.368       0.597   234.129     4.024    -6.908
  90.000  1000.000     1.000    60.000   246.710   883.368       0.597   234.129     2.330    -1.341
  90.000  1000.000     1.000    90.000   246.710   883.368       0.597   234.129     2.019     0.000
  90.000  1000.000   101.000    30.000   254.819   887.035       1.230   241.652     4.062    -6.972
  90.000  1000.000   101.000    60.000   254.819   887.035       1.230   241.652     2.352    -1.354
  90.000  1000.000   101.000    90.000   254.819   887.035       1.230   241.652     2.038     0.000
  90.000  1000.000   201.000    30.000   272.810   894.373       5.156   258.384     4.205    -7.215
  90.000  1000.000   201.000    60.000   272.810   894.373       5.156   258.384     2.435    -1.402
  90.000  1000.000   201.000    90.000   272.810   894.373       5.156   258.384     2.110     0.000
  90.000  1000.000   301.000    30.000   259.344   888.980       1.802   245.855     4.088    -7.017
  90.000  1000.000   301.000    60.000   259.344   888.980       1.802   245.855     2.368    -1.363
  90.000  1000.000   301.000    90.000   259.344   888.980       1.802   245.855     2.051     0.000
